Id Meses CD4 Grupo
  1   0 197   1
  1   1 266   1
  1   2 194   1
  1   4 260   1
  1   6 399   1
  1   8 247   1
  1  12 351   1
  2   0 306   1
  2   1 314   1
  2   2 283   1
  2   4 360   1
  2   6 363   1
  2   8 258   1
  2  12 290   1
  3   0 147   1
  3   1 240   1
  3   2 263   1
  3   4 418   1
  3   6 306   1
  3   8 276   1
  3  12 228   1
  4   0 249   1
  4   1 255   1
  4   2 344   1
  4   4 409   1
  4   6 386   1
  4   8 353   1
  4  12 272   1
  5   0 230   1
  5   1 204   1
  5   2 214   1
  5   4 288   1
  5   6 368   1
  5   8 201   1
  5  12 195   1
  6   0 293   1
  6   1 297   1
  6   2 460   1
  6   4 412   1
  6   6 402   1
  6   8 291   1
  6  12 348   1
  7   0 330   1
  7   1 262   1
  7   2 412   1
  7   4 419   1
  7   6 267   1
  7   8 434   1
  7  12 391   1
  8   0 270   1
  8   1 361   1
  8   2 343   1
  8   4 378   1
  8   6 439   1
  8   8 401   1
  8  12 388   1
  9   0 236   1
  9   1 317   1
  9   2 443   1
  9   4 446   1
  9   6 364   1
  9   8 552   1
  9  12 367   1
 10   0  76   1
 10   1 245   1
 10   2 380   1
 10   4 312   1
 10   6 262   1
 10   8 262   1
 10  12 309   1
 11   0 291   1
 11   1 301   1
 11   2 291   1
 11   4 429   1
 11   6 474   1
 11   8 400   1
 11  12 304   1
 12   0 291   1
 12   1 228   1
 12   2 352   1
 12   4 405   1
 12   6 411   1
 12   8 331   1
 12  12 265   1
 13   0 452   1
 13   1 344   1
 13   2 321   1
 13   4 508   1
 13   6 400   1
 13   8 326   1
 13  12 456   1
 14   0 158   1
 14   1 317   1
 14   2 269   1
 14   4 415   1
 14   6 341   1
 14   8 432   1
 14  12 237   1
 15   0 376   1
 15   1 307   1
 15   2 345   1
 15   4 467   1
 15   6 474   1
 15   8 412   1
 15  12 239   1
 16   0 302   1
 16   1 354   1
 16   2 295   1
 16   4 520   1
 16   6 506   1
 16   8 479   1
 16  12 499   1
 17   0 290   1
 17   1 132   1
 17   2 285   1
 17   4 332   1
 17   6 313   1
 17   8 338   1
 17  12 278   1
 18   0 259   1
 18   1 485   1
 18   2 352   1
 18   4 552   1
 18   6 513   1
 18   8 438   1
 18  12 505   1
 19   0 365   1
 19   1 393   1
 19   2 496   1
 19   4 444   1
 19   6 464   1
 19   8 370   1
 19  12 423   1
 20   0 153   1
 20   1 202   1
 20   2 263   1
 20   4 322   1
 20   6 165   1
 20   8 256   1
 20  12 252   1
 21   0 111   1
 21   1 263   1
 21   2 162   1
 21   4 306   1
 21   6 295   1
 21   8 299   1
 21  12 270   1
 22   0 430   1
 22   1 355   1
 22   2 439   1
 22   4 386   1
 22   6 503   1
 22   8 473   1
 22  12 455   1
 23   0 161   1
 23   1 311   1
 23   2 431   1
 23   4 531   1
 23   6 368   1
 23   8 373   1
 23  12 350   1
 24   0 199   1
 24   1 310   1
 24   2 328   1
 24   4 309   1
 24   6 356   1
 24   8 245   1
 24  12 271   1
 25   0 253   1
 25   1 289   1
 25   2 368   1
 25   4 443   1
 25   6 470   1
 25   8 417   1
 25  12 285   1
 26   0 345   1
 26   1 261   1
 26   2 436   1
 26   4 515   1
 26   6 526   1
 26   8 432   1
 26  12 392   1
 27   0 310   1
 27   1 264   1
 27   2 507   1
 27   4 444   1
 27   6 412   1
 27   8 404   1
 27  12 338   1
 28   0 281   1
 28   1 303   1
 28   2 308   1
 28   4 477   1
 28   6 413   1
 28   8 417   1
 28  12 540   1
 29   0 403   1
 29   1 271   1
 29   2 388   1
 29   4 528   1
 29   6 497   1
 29   8 552   1
 29  12 331   1
 30   0 329   1
 30   1 387   1
 30   2 389   1
 30   4 443   1
 30   6 407   1
 30   8 346   1
 30  12 281   1
 31   0 315   1
 31   1 375   1
 31   2 319   1
 31   4 410   1
 31   6 516   1
 31   8 381   1
 31  12 317   1
 32   0 334   1
 32   1 253   1
 32   2 334   1
 32   4 433   1
 32   6 430   1
 32   8 414   1
 32  12 324   1
 33   0 170   1
 33   1 248   1
 33   2 291   1
 33   4 409   1
 33   6 244   1
 33   8 276   1
 33  12 338   1
 34   0 254   1
 34   1 134   1
 34   2 300   1
 34   4 231   1
 34   6 307   1
 34   8 287   1
 34  12 348   1
 35   0 159   1
 35   1 307   1
 35   2 375   1
 35   4 448   1
 35   6 516   1
 35   8 473   1
 35  12 461   1
 36   0 133   1
 36   1 230   1
 36   2 307   1
 36   4 241   1
 36   6 259   1
 36   8 270   1
 36  12 242   1
 37   0 331   1
 37   1 441   1
 37   2 412   1
 37   4 449   1
 37   6 517   1
 37   8 420   1
 37  12 381   1
 38   0 236   1
 38   1 311   1
 38   2 170   1
 38   4 363   1
 38   6 265   1
 38   8 234   1
 38  12 307   1
 39   0  98   1
 39   1 232   1
 39   2 237   1
 39   4 421   1
 39   6 286   1
 39   8 282   1
 39  12 440   1
 40   0 325   1
 40   1 265   1
 40   2 335   1
 40   4 351   1
 40   6 291   1
 40   8 415   1
 40  12 281   1
 41   0 215   1
 41   1 193   1
 41   2 274   1
 41   4 365   1
 41   6 344   1
 41   8 415   1
 41  12 185   1
 42   0 396   1
 42   1 400   1
 42   2 296   1
 42   4 392   1
 42   6 436   1
 42   8 422   1
 42  12 417   1
 43   0 261   1
 43   1 417   1
 43   2 390   1
 43   4 428   1
 43   6 377   1
 43   8 424   1
 43  12 262   1
 44   0 185   1
 44   1 196   1
 44   2 428   1
 44   4 540   1
 44   6 458   1
 44   8 405   1
 44  12 309   1
 45   0 381   1
 45   1 390   1
 45   2 291   1
 45   4 467   1
 45   6 389   1
 45   8 376   1
 45  12 443   1
 46   0 221   1
 46   1 283   1
 46   2 364   1
 46   4 389   1
 46   6 405   1
 46   8 393   1
 46  12 270   1
 47   0 161   1
 47   1 224   1
 47   2 289   1
 47   4 283   1
 47   6 316   1
 47   8 392   1
 47  12 287   1
 48   0 262   1
 48   1 225   1
 48   2 266   1
 48   4 212   1
 48   6 341   1
 48   8 315   1
 48  12 315   1
 49   0  83   1
 49   1  89   1
 49   2 369   1
 49   4 171   1
 49   6 170   1
 49   8 282   1
 49  12 233   1
 50   0 198   1
 50   1 337   1
 50   2 289   1
 50   4 296   1
 50   6 311   1
 50   8 325   1
 50  12 279   1
 51   0 266   2
 51   1 281   2
 51   2 398   2
 51   4 425   2
 51   6 398   2
 51   8 455   2
 51  12 476   2
 52   0 268   2
 52   1 267   2
 52   2 353   2
 52   4 352   2
 52   6 484   2
 52   8 518   2
 52  12 482   2
 53   0 125   2
 53   1 205   2
 53   2 261   2
 53   4 379   2
 53   6 316   2
 53   8 223   2
 53  12 362   2
 54   0 372   2
 54   1 279   2
 54   2 208   2
 54   4 498   2
 54   6 401   2
 54   8 488   2
 54  12 329   2
 55   0 217   2
 55   1 256   2
 55   2 241   2
 55   4 357   2
 55   6 453   2
 55   8 421   2
 55  12 400   2
 56   0 327   2
 56   1 444   2
 56   2 491   2
 56   4 505   2
 56   6 581   2
 56   8 625   2
 56  12 579   2
 57   0 219   2
 57   1 431   2
 57   2 399   2
 57   4 490   2
 57   6 475   2
 57   8 352   2
 57  12 441   2
 58   0 221   2
 58   1 379   2
 58   2 274   2
 58   4 495   2
 58   6 234   2
 58   8 466   2
 58  12 420   2
 59   0 306   2
 59   1 244   2
 59   2 213   2
 59   4 529   2
 59   6 327   2
 59   8 450   2
 59  12 513   2
 60   0 357   2
 60   1 349   2
 60   2 334   2
 60   4 417   2
 60   6 380   2
 60   8 456   2
 60  12 479   2
 61   0 111   2
 61   1 278   2
 61   2 297   2
 61   4 414   2
 61   6 418   2
 61   8 297   2
 61  12 347   2
 62   0 165   2
 62   1 242   2
 62   2 310   2
 62   4 358   2
 62   6 413   2
 62   8 441   2
 62  12 288   2
 63   0 311   2
 63   1 355   2
 63   2 262   2
 63   4 391   2
 63   6 389   2
 63   8 440   2
 63  12 369   2
 64   0 352   2
 64   1 392   2
 64   2 402   2
 64   4 569   2
 64   6 569   2
 64   8 524   2
 64  12 599   2
 65   0 169   2
 65   1 245   2
 65   2 188   2
 65   4 468   2
 65   6 290   2
 65   8 477   2
 65  12 463   2
 66   0 250   2
 66   1 286   2
 66   2 286   2
 66   4 289   2
 66   6 255   2
 66   8 420   2
 66  12 364   2
 67   0 238   2
 67   1 303   2
 67   2 302   2
 67   4 361   2
 67   6 291   2
 67   8 294   2
 67  12 350   2
 68   0 181   2
 68   1 226   2
 68   2 156   2
 68   4 366   2
 68   6 354   2
 68   8 356   2
 68  12 300   2
 69   0 324   2
 69   1 460   2
 69   2 438   2
 69   4 509   2
 69   6 509   2
 69   8 611   2
 69  12 434   2
 70   0 252   2
 70   1 428   2
 70   2 459   2
 70   4 602   2
 70   6 486   2
 70   8 494   2
 70  12 418   2
 71   0 285   2
 71   1 296   2
 71   2 336   2
 71   4 291   2
 71   6 272   2
 71   8 375   2
 71  12 462   2
 72   0 332   2
 72   1 512   2
 72   2 587   2
 72   4 617   2
 72   6 470   2
 72   8 576   2
 72  12 615   2
 73   0 167   2
 73   1 296   2
 73   2 249   2
 73   4 389   2
 73   6 368   2
 73   8 266   2
 73  12 417   2
 74   0 323   2
 74   1 321   2
 74   2 345   2
 74   4 473   2
 74   6 474   2
 74   8 545   2
 74  12 490   2
 75   0 156   2
 75   1 281   2
 75   2 155   2
 75   4 300   2
 75   6 542   2
 75   8 274   2
 75  12 406   2
 76   0 433   2
 76   1 413   2
 76   2 613   2
 76   4 503   2
 76   6 535   2
 76   8 541   2
 76  12 517   2
 77   0 230   2
 77   1 274   2
 77   2 345   2
 77   4 413   2
 77   6 378   2
 77   8 465   2
 77  12 358   2
 78   0 291   2
 78   1 255   2
 78   2 407   2
 78   4 398   2
 78   6 442   2
 78   8 424   2
 78  12 408   2
 79   0 221   2
 79   1 317   2
 79   2 435   2
 79   4 557   2
 79   6 417   2
 79   8 430   2
 79  12 533   2
 80   0  25   2
 80   1  81   2
 80   2 199   2
 80   4 205   2
 80   6 449   2
 80   8 415   2
 80  12 233   2
 81   0 153   2
 81   1 287   2
 81   2 253   2
 81   4 397   2
 81   6 337   2
 81   8 350   2
 81  12 418   2
 82   0 397   2
 82   1 360   2
 82   2 336   2
 82   4 450   2
 82   6 416   2
 82   8 398   2
 82  12 354   2
 83   0 353   2
 83   1 319   2
 83   2 494   2
 83   4 437   2
 83   6 369   2
 83   8 348   2
 83  12 406   2
 84   0 156   2
 84   1 124   2
 84   2 278   2
 84   4 362   2
 84   6 319   2
 84   8 355   2
 84  12 381   2
 85   0 244   2
 85   1 368   2
 85   2 468   2
 85   4 598   2
 85   6 492   2
 85   8 582   2
 85  12 555   2
 86   0 233   2
 86   1 380   2
 86   2 298   2
 86   4 453   2
 86   6 384   2
 86   8 443   2
 86  12 368   2
 87   0 281   2
 87   1 235   2
 87   2 159   2
 87   4 377   2
 87   6 432   2
 87   8 418   2
 87  12 386   2
 88   0 342   2
 88   1 312   2
 88   2 407   2
 88   4 456   2
 88   6 466   2
 88   8 408   2
 88  12 467   2
 89   0 337   2
 89   1 373   2
 89   2 308   2
 89   4 320   2
 89   6 515   2
 89   8 512   2
 89  12 424   2
 90   0 242   2
 90   1 194   2
 90   2 287   2
 90   4 360   2
 90   6 408   2
 90   8 489   2
 90  12 385   2
 91   0 308   2
 91   1 277   2
 91   2 412   2
 91   4 563   2
 91   6 411   2
 91   8 391   2
 91  12 330   2
 92   0 449   2
 92   1 520   2
 92   2 405   2
 92   4 467   2
 92   6 527   2
 92   8 568   2
 92  12 514   2
 93   0 393   2
 93   1 427   2
 93   2 477   2
 93   4 567   2
 93   6 473   2
 93   8 537   2
 93  12 607   2
 94   0 119   2
 94   1 303   2
 94   2 288   2
 94   4 377   2
 94   6 267   2
 94   8 350   2
 94  12 411   2
 95   0 361   2
 95   1 424   2
 95   2 193   2
 95   4 516   2
 95   6 477   2
 95   8 510   2
 95  12 496   2
 96   0 178   2
 96   1 216   2
 96   2 270   2
 96   4 373   2
 96   6 434   2
 96   8 344   2
 96  12 371   2
 97   0 321   2
 97   1 392   2
 97   2 554   2
 97   4 536   2
 97   6 454   2
 97   8 479   2
 97  12 542   2
 98   0 199   2
 98   1 409   2
 98   2 290   2
 98   4 319   2
 98   6 395   2
 98   8 339   2
 98  12 375   2
 99   0 162   2
 99   1 149   2
 99   2 299   2
 99   4 337   2
 99   6 320   2
 99   8 360   2
 99  12 357   2
100   0 345   2
100   1 346   2
100   2 390   2
100   4 456   2
100   6 597   2
100   8 570   2
100  12 480   2
